20;20
20;19
20;18
20;17
20;16
20;15
20;14
20;13
20;12
20;11
20;10
20;9
20;10
20;11
20;12
20;13
20;14
20;15
20;16
20;17
20;18
20;19
20;20
20;19
20;18
20;17
20;16
20;15
20;14
20;13
20;12
20;11
20;10
20;9
20;20
19;19
19;18
19;17
19;16
19;15
19;14
19;13
19;12
19;11
19;10
19;9
19;10
19;11
19;12
19;13
19;14
19;15
19;16
19;17
19;18
19;19
19;19
19;19
19;18
19;17
19;16
19;15
19;14
19;13
19;12
19;11
19;10
19;9
1;5
1;6
1;7
2;5
2;4
3;1
3;3
3;4
3;5
3;6
3;7
4;2
4;3
4;5
4;6
4;8
5;3
5;4
5;5
5;6
5;8
6;3
6;4
6;5
6;6
7;3
7;4
7;5
7;6
7;8
8;2
8;3
8;5
8;6
8;8
9;1
9;3
9;4
9;5
9;6
9;7
10;5
10;4
11;5
11;6
11;7
1;5
1;6
1;7
2;5
2;4
3;1
3;3
3;4
3;5
3;6
3;7
4;2
4;3
4;5
4;6
4;8
5;3
5;4
5;5
5;6
5;8
6;3
6;4
6;5
6;6
7;3
7;4
7;5
7;6
7;8
8;2
8;3
8;5
8;6
8;8
9;1
9;3
9;4
9;5
9;6
9;7
10;5
10;4
11;5
11;6
11;7
1;5
1;6
1;7
2;5
2;4
3;1
3;3
3;4
3;5
3;6
3;7
4;2
4;3
4;5
4;6
4;8
5;3
5;4
5;5
5;6
5;8
6;3
6;4
6;5
6;6
7;3
7;4
7;5
7;6
7;8
8;2
8;3
8;5
8;6
8;8
9;1
9;3
9;4
9;5
9;6
9;7
10;5
10;4
11;5
11;6
11;7
1;5
1;6
1;7
2;5
2;4
3;1
3;3
3;4
3;5
3;6
3;7
4;2
4;3
4;5
4;6
4;8
5;3
5;4
5;5
5;6
5;8
6;3
6;4
6;5
6;6
7;3
7;4
7;5
7;6
7;8
8;2
8;3
8;5
8;6
8;8
9;1
9;3
9;4
9;5
9;6
9;7
10;5
10;4
11;5
11;6
11;7
1;5
1;6
1;7
2;5
2;4
3;1
3;3
3;4
3;5
3;6
3;7
4;2
4;3
4;5
4;6
4;8
5;3
5;4
5;5
5;6
5;8
6;3
6;4
6;5
6;6
7;3
7;4
7;5
7;6
7;8
8;2
8;3
8;5
8;6
8;8
9;1
9;3
9;4
9;5
9;6
9;7
10;5
10;4
11;5
11;6
11;7
1;5
1;6
1;7
2;5
2;4
3;1
3;3
3;4
3;5
3;6
3;7
4;2
4;3
4;5
4;6
4;8
5;3
5;4
5;5
5;6
5;8
6;3
6;4
6;5
6;6
7;3
7;4
7;5
7;6
7;8
8;2
8;3
8;5
8;6
8;8
9;1
9;3
9;4
9;5
9;6
9;7
10;5
10;4
11;5
11;6
11;7
1;5
1;6
1;7
2;5
2;4
3;1
3;3
3;4
3;5
3;6
3;7
4;2
4;3
4;5
4;6
4;8
5;3
5;4
5;5
5;6
5;8
6;3
6;4
6;5
6;6
7;3
7;4
7;5
7;6
7;8
8;2
8;3
8;5
8;6
8;8
9;1
9;3
9;4
9;5
9;6
9;7
10;5
10;4
11;5
11;6
11;7
1;5
1;6
1;7
2;5
2;4
3;1
3;3
3;4
3;5
3;6
3;7
4;2
4;3
4;5
4;6
4;8
5;3
5;4
5;5
5;6
5;8
6;3
6;4
6;5
6;6
7;3
7;4
7;5
7;6
7;8
8;2
8;3
8;5
8;6
8;8
9;1
9;3
9;4
9;5
9;6
9;7
10;5
10;4
11;5
11;6
11;7
1;5
1;6
1;7
2;5
2;4
3;1
3;3
3;4
3;5
3;6
3;7
4;2
4;3
4;5
4;6
4;8
5;3
5;4
5;5
5;6
5;8
6;3
6;4
6;5
6;6
7;3
7;4
7;5
7;6
7;8
8;2
8;3
8;5
8;6
8;8
9;1
9;3
9;4
9;5
9;6
9;7
10;5
10;4
11;5
11;6
11;7